C:\Users\MSIK\anaconda3\python.exe D:/大三上/图数据/pj-reference/exercise_a1_6.py
Testset's name: 3elt_s.txt
greedyFeature= weightPerNumPlusOne ,pruning= False :
MWIS: [0, 5, 6, 10, 11, 12, 16, 18, 21, 25, 27, 28, 29, 36, 37, 39, 45, 47, 50, 52, 56, 58, 64, 67, 68, 70, 74, 77, 81, 85, 86, 88, 92, 93, 94, 96, 97, 99, 100, 102, 103, 104, 110, 112, 116, 118, 122, 124, 132, 136, 139, 140, 143, 146, 148, 153, 154, 156, 162, 163, 168, 173, 176, 177, 178, 181, 183, 186, 187, 189, 190, 191, 197, 198, 201, 203, 205, 207, 211, 212, 213, 221, 223, 229, 230, 234, 239, 242, 244, 245, 247, 253, 258, 260, 261, 267, 269, 270, 274, 278, 282, 285, 286, 292, 296, 299, 300, 304, 306, 307, 312, 318, 320, 325, 326, 327, 333, 342, 343, 344, 346, 347, 352, 355, 359, 360, 361, 364, 365, 369, 371, 375, 379, 380, 381, 390, 392, 393, 399, 404, 407, 409, 414, 418, 421, 422, 423, 429, 432, 433, 438, 440, 444, 445, 446, 451, 452, 454, 457, 464, 465, 466, 467, 468, 475, 478, 481, 486, 489, 490, 491, 495, 499, 500, 510, 512, 514, 517, 518, 520, 522, 525, 530, 531, 537, 538, 540, 545, 547, 548, 553, 554, 558, 559, 561, 565, 574, 575, 578, 580, 583, 585, 587, 588, 594, 598, 600, 601, 604, 605, 608, 610, 615, 617, 618, 622, 625, 627, 628, 629, 632, 634, 635, 641, 645, 647, 649, 651, 656, 658, 659, 663, 664, 665, 667, 668, 672, 675, 677, 680, 687, 688, 690, 698, 701, 702, 704, 710, 712, 714, 716, 717, 720, 721, 722, 724, 730, 734, 736, 738, 742, 747, 752, 753, 754, 755, 757, 763, 768, 770, 773, 774, 775, 776, 777, 788, 790, 796, 799, 804, 808, 810, 812, 813, 816, 821, 823, 825, 828, 833, 834, 838, 841, 842, 844, 845, 854, 855, 857, 858, 871, 874, 875, 881, 882, 884, 885, 888, 893, 897, 898, 899, 904, 905, 909, 913, 915, 919, 922, 925, 928, 932, 933, 935, 938, 939, 943, 944, 948, 949, 953, 960, 961, 962, 966, 970, 971, 977, 979, 980, 988, 990, 991, 994, 995, 998, 1007, 1008, 1010, 1012, 1015, 1018, 1023, 1027, 1029, 1032, 1034, 1037, 1040, 1046, 1051, 1052, 1055, 1062, 1064, 1066, 1071]
totalWeight: 2191.3264228768026
cutoff1_index_set: []
cutoff2_index_set: []
process time: 24948.35376739502 ms
greedyFeature= adjWeiRate ,pruning= False :
MWIS: [0, 1, 5, 10, 11, 12, 16, 18, 21, 25, 27, 28, 29, 36, 37, 39, 45, 47, 50, 52, 56, 58, 64, 67, 68, 70, 74, 77, 81, 85, 86, 88, 92, 93, 94, 96, 97, 99, 100, 102, 104, 107, 112, 116, 118, 123, 125, 132, 136, 139, 140, 143, 146, 148, 151, 153, 154, 162, 168, 171, 173, 176, 178, 181, 183, 186, 187, 189, 190, 191, 197, 198, 201, 203, 205, 207, 211, 212, 213, 221, 223, 229, 230, 234, 239, 242, 244, 245, 251, 255, 261, 265, 267, 269, 270, 273, 274, 278, 282, 285, 286, 292, 296, 299, 300, 304, 306, 307, 312, 318, 320, 325, 326, 327, 328, 333, 342, 343, 344, 346, 347, 352, 355, 358, 360, 361, 365, 366, 371, 375, 380, 381, 386, 390, 392, 399, 401, 402, 405, 414, 418, 421, 422, 423, 429, 432, 433, 438, 440, 444, 445, 446, 451, 452, 454, 457, 465, 467, 468, 470, 475, 478, 481, 486, 487, 492, 499, 500, 510, 512, 513, 514, 517, 518, 520, 521, 522, 525, 530, 531, 537, 538, 540, 547, 548, 554, 556, 558, 559, 561, 568, 574, 575, 578, 580, 582, 583, 585, 587, 588, 591, 594, 600, 601, 604, 605, 608, 610, 615, 617, 618, 622, 627, 628, 629, 632, 634, 635, 641, 645, 647, 649, 651, 656, 658, 659, 663, 665, 667, 668, 672, 675, 677, 680, 683, 687, 688, 690, 698, 701, 702, 704, 710, 712, 717, 720, 721, 722, 730, 731, 734, 736, 738, 742, 747, 751, 752, 754, 755, 763, 766, 770, 773, 774, 776, 777, 778, 788, 790, 796, 799, 804, 810, 813, 814, 816, 823, 824, 825, 826, 828, 833, 834, 837, 838, 842, 844, 851, 855, 858, 861, 874, 875, 881, 882, 884, 885, 890, 897, 898, 902, 909, 912, 913, 915, 917, 919, 922, 925, 932, 933, 935, 938, 939, 943, 944, 948, 949, 953, 960, 961, 962, 966, 970, 971, 977, 979, 980, 988, 990, 991, 994, 998, 1005, 1007, 1008, 1010, 1015, 1021, 1023, 1027, 1029, 1032, 1034, 1037, 1040, 1046, 1051, 1052, 1055, 1062, 1064, 1066, 1071]
totalWeight: 2202.189729428706
cutoff1_index_set: []
cutoff2_index_set: []
process time: 25444.967031478882 ms
greedyFeature= weightPerNumPlusOne ,pruning= True :
MWIS: [0, 5, 6, 10, 11, 12, 16, 18, 21, 25, 27, 28, 29, 36, 37, 39, 45, 47, 50, 52, 56, 58, 64, 67, 68, 70, 74, 77, 81, 85, 86, 88, 92, 93, 94, 96, 97, 99, 100, 102, 103, 104, 110, 112, 116, 118, 123, 125, 132, 133, 136, 139, 140, 143, 146, 148, 153, 154, 156, 162, 163, 168, 173, 176, 177, 178, 181, 183, 186, 187, 189, 190, 191, 197, 198, 201, 203, 205, 207, 211, 212, 213, 221, 223, 229, 230, 234, 239, 242, 244, 245, 247, 253, 258, 260, 261, 267, 269, 270, 274, 278, 282, 285, 286, 292, 296, 299, 300, 304, 306, 307, 312, 318, 320, 325, 326, 327, 333, 342, 343, 344, 346, 347, 352, 355, 359, 360, 361, 364, 365, 369, 371, 375, 379, 380, 381, 390, 392, 393, 399, 402, 404, 405, 414, 418, 421, 422, 423, 429, 432, 433, 438, 440, 444, 445, 446, 451, 452, 454, 457, 464, 465, 467, 468, 470, 475, 478, 481, 486, 489, 490, 491, 495, 499, 500, 510, 512, 514, 517, 518, 520, 522, 525, 530, 531, 537, 538, 540, 547, 548, 553, 554, 558, 559, 561, 565, 574, 575, 578, 580, 585, 586, 587, 591, 592, 594, 598, 600, 601, 604, 605, 608, 610, 615, 617, 618, 622, 627, 628, 629, 632, 634, 635, 641, 645, 647, 649, 651, 656, 658, 659, 663, 665, 667, 668, 672, 675, 677, 680, 683, 687, 688, 690, 698, 701, 702, 704, 710, 712, 717, 720, 721, 722, 724, 730, 731, 734, 736, 738, 742, 747, 752, 754, 755, 757, 763, 764, 768, 770, 773, 774, 775, 777, 780, 783, 790, 795, 796, 799, 804, 808, 810, 812, 813, 816, 821, 823, 825, 828, 833, 834, 837, 838, 842, 844, 851, 854, 855, 858, 863, 875, 878, 880, 881, 882, 884, 885, 893, 897, 898, 899, 904, 905, 909, 913, 915, 919, 922, 925, 928, 932, 933, 935, 938, 939, 943, 944, 948, 949, 953, 960, 961, 962, 966, 970, 971, 977, 979, 980, 988, 990, 991, 994, 995, 998, 1007, 1008, 1010, 1012, 1015, 1018, 1023, 1027, 1029, 1032, 1034, 1037, 1040, 1046, 1051, 1052, 1055, 1062, 1064, 1066]
totalWeight: 2209.2576862926626
cutoff1_index_set: [0, 28, 70, 88, 93, 94, 97, 100, 116, 136, 139, 140, 143, 146, 173, 178, 181, 187, 189, 190, 191, 198, 201, 213, 223, 230, 234, 285, 292, 299, 300, 318, 325, 326, 327, 347, 381, 429, 445, 446, 452, 481, 512, 531, 538, 547, 548, 561, 574, 575, 580, 587, 600, 601, 605, 608, 610, 617, 627, 628, 634, 645, 649, 665, 667, 675, 680, 683, 710, 717, 720, 721, 736, 752, 755, 884, 909, 933, 943, 944, 949, 953, 961, 1007, 1008, 1051, 1062, 25, 77, 81, 99, 102, 154, 203, 205, 211, 239, 522, 554, 578, 647, 658, 663, 688, 763, 774, 68, 221, 659, 754, 212, 229, 207, 244, 74, 269, 465, 433, 468, 432, 418, 333, 457, 525, 825, 813, 804, 495, 470, 520, 64, 123, 844, 312, 304, 18, 10, 29, 11, 783, 795, 764, 799, 438, 451, 422, 296, 260, 677, 928, 371, 514, 518, 402, 777, 421, 559, 565, 629, 537, 618, 651, 1066, 1037, 486, 464, 375, 369, 586, 176, 163, 156, 988, 834, 770, 882, 897, 915, 734, 738, 730, 52, 36, 39, 540, 604, 812, 478, 306, 998, 971, 935, 932, 1032, 1040, 1046, 808, 635, 112, 103, 393, 274, 1027, 1023, 966, 854, 361, 344, 364, 517, 491, 45, 913, 880, 278, 775]
cutoff2_index_set: [27, 37, 47, 118, 132, 186, 245, 85, 261, 197, 242, 267, 454, 444, 440, 360, 320, 86, 12, 5, 851, 837, 994, 995, 392, 390, 855, 881, 810, 828, 704, 702]
process time: 11750.62608718872 ms
greedyFeature= adjWeiRate ,pruning= True :
MWIS: [0, 1, 5, 10, 11, 12, 16, 18, 21, 25, 27, 28, 29, 36, 37, 39, 45, 47, 50, 52, 56, 58, 64, 67, 68, 70, 74, 77, 81, 85, 86, 88, 92, 93, 94, 96, 97, 99, 100, 102, 104, 107, 112, 116, 118, 123, 125, 132, 136, 139, 140, 143, 146, 148, 151, 153, 154, 162, 168, 171, 173, 176, 178, 181, 183, 186, 187, 189, 190, 191, 197, 198, 201, 203, 205, 207, 211, 212, 213, 221, 223, 229, 230, 234, 239, 242, 244, 245, 251, 255, 261, 265, 267, 269, 270, 273, 274, 278, 282, 285, 286, 292, 296, 299, 300, 304, 306, 307, 312, 318, 320, 325, 326, 327, 328, 333, 342, 343, 344, 346, 347, 352, 355, 358, 360, 361, 365, 366, 371, 375, 380, 381, 386, 390, 392, 399, 401, 402, 405, 414, 418, 421, 422, 423, 429, 432, 433, 438, 440, 444, 445, 446, 451, 452, 454, 457, 465, 467, 468, 470, 475, 478, 481, 486, 487, 492, 499, 500, 510, 512, 513, 514, 517, 518, 520, 521, 522, 525, 530, 531, 537, 538, 540, 547, 548, 554, 556, 558, 559, 561, 568, 574, 575, 578, 580, 582, 583, 585, 587, 588, 591, 594, 600, 601, 604, 605, 608, 610, 615, 617, 618, 622, 627, 628, 629, 632, 634, 635, 641, 645, 647, 649, 651, 656, 658, 659, 663, 665, 667, 668, 672, 675, 677, 680, 683, 687, 688, 690, 698, 701, 702, 704, 710, 712, 717, 720, 721, 722, 730, 731, 734, 736, 738, 742, 747, 751, 752, 754, 755, 763, 766, 770, 773, 774, 776, 777, 778, 788, 790, 796, 799, 804, 810, 813, 814, 816, 823, 824, 825, 826, 828, 833, 834, 837, 838, 842, 844, 851, 855, 858, 861, 874, 875, 881, 882, 884, 885, 890, 897, 898, 902, 909, 912, 913, 915, 917, 919, 922, 925, 932, 933, 935, 938, 939, 943, 944, 948, 949, 953, 960, 961, 962, 966, 970, 971, 977, 979, 980, 988, 990, 991, 994, 998, 1005, 1007, 1008, 1010, 1015, 1021, 1023, 1027, 1029, 1032, 1034, 1037, 1040, 1046, 1051, 1052, 1055, 1062, 1064, 1066, 1071]
totalWeight: 2202.1897294287064
cutoff1_index_set: [0, 28, 70, 88, 93, 94, 97, 100, 116, 136, 139, 140, 143, 146, 173, 178, 181, 187, 189, 190, 191, 198, 201, 213, 223, 230, 234, 285, 292, 299, 300, 318, 325, 326, 327, 347, 381, 429, 445, 446, 452, 481, 512, 531, 538, 547, 548, 561, 574, 575, 580, 587, 600, 601, 605, 608, 610, 617, 627, 628, 634, 645, 649, 665, 667, 675, 680, 683, 710, 717, 720, 721, 736, 752, 755, 884, 909, 933, 943, 944, 949, 953, 961, 1007, 1008, 1051, 1062, 25, 77, 81, 99, 102, 154, 203, 205, 211, 239, 522, 554, 578, 647, 658, 663, 688, 763, 774, 68, 221, 659, 754, 212, 229, 207, 269, 74, 244, 433, 468, 465, 432, 418, 730, 333, 804, 45, 21, 380, 371, 1066, 844, 825, 742, 738, 517, 10, 29, 11, 773, 67, 52, 39, 677, 935, 112, 1023, 438, 422, 988, 583, 274, 651, 1040, 1046, 540, 558, 556, 912, 1, 514, 635, 361, 273, 1010, 386, 401, 971, 998, 834, 629, 770, 537, 402, 421, 96, 92, 278, 478, 296, 312, 304, 176, 778, 788, 520, 470, 521, 913]
cutoff2_index_set: [27, 37, 47, 118, 132, 186, 245, 85, 261, 197, 242, 267, 530, 525, 444, 454, 594, 618, 440, 360, 882, 897, 704, 702, 320, 86, 810, 828, 881, 855, 837, 851]
process time: 12178.42173576355 ms

进程已结束，退出代码为 0