C:\Users\MSIK\anaconda3\python.exe D:/大三上/图数据/pj-reference/exercise_a1_6.py
Testset's name: astro-ph_s.txt
greedyFeature= weightPerNumPlusOne ,pruning= False :
MWIS: [0, 1, 2, 3, 4, 6, 8, 12, 16, 19, 20, 21, 24, 27, 30, 33, 39, 42, 44, 47, 52, 53, 55, 56, 57, 62, 63, 64, 66, 67, 71, 72, 74, 79, 80, 84, 85, 93, 94, 98, 100, 112, 115, 116, 117, 128, 138, 139, 143, 145, 146, 148, 149, 153, 154, 155, 157, 158, 160, 162, 164, 168, 169, 171, 175, 177, 178, 179, 183, 185, 190, 191, 201, 205, 209, 211, 213, 218, 220, 221, 223, 227, 232, 233, 239, 240, 244, 245, 247, 251, 252, 255, 256, 257, 258, 259, 261, 263, 270, 274, 278, 282, 286, 288, 292, 299, 303, 307, 311, 312, 313, 316, 317, 318, 320, 322, 324, 326, 327, 328, 332, 333, 335, 339, 341, 342, 343, 345, 347, 349, 350, 351, 352, 354, 355, 358, 360, 361, 364, 365, 367, 371, 372, 376, 377, 379, 380, 381, 385, 386, 387, 390, 391, 392, 404, 405, 407, 408, 410, 411, 412, 413, 414, 417, 424, 429, 430, 432, 441, 443, 444, 446, 449, 450, 452, 454, 455, 457, 458, 460, 461, 465, 467, 468, 469, 471, 473, 474, 475, 476, 477, 484, 486, 487, 489, 490, 491, 492, 494, 495, 500, 510, 512, 513, 514, 515, 518, 519, 520, 525, 526, 529, 530, 531, 538, 539, 544, 547, 548, 553, 554, 555, 556, 559, 561, 565, 568, 573, 575, 576, 577, 581, 582, 584, 586, 587, 594, 598, 601, 603, 606, 608, 615, 617, 620, 621, 623, 627, 629, 632, 634, 645, 647, 652, 656, 659, 662, 663, 664, 667, 668, 672, 675, 678, 679, 681, 683, 684, 687, 688, 691, 692, 697, 698, 700, 704, 705, 706, 711, 713, 714, 717, 719, 723, 726, 732, 733, 734, 735, 736, 738, 741, 742, 745, 749, 752, 753, 754, 755, 758, 763, 767, 773, 776, 777, 780, 781, 782, 784, 786, 788, 789, 790, 791, 793, 794, 795, 798, 802, 803, 804, 812, 815, 817, 818, 823, 824, 826, 831, 834, 837, 838, 839, 843, 848, 849, 850, 851, 858, 859, 862, 867, 868, 869, 873, 874, 880, 882, 883, 884, 885, 890, 893, 894, 895, 900, 901, 905, 908, 909, 910, 914, 916, 917, 918, 920, 921, 923, 927, 928, 936, 938, 941, 943, 945, 947, 949, 953, 957, 959, 960, 963, 964, 966, 967, 973, 975, 977, 979, 980, 986, 987, 988, 998, 1001, 1002, 1005, 1007, 1008, 1013, 1018, 1019, 1022, 1027, 1029, 1034, 1036, 1039, 1045, 1047, 1049, 1050, 1054, 1055, 1056, 1057, 1058, 1061, 1062, 1063, 1064, 1066, 1069, 1078, 1079, 1082, 1089, 1090, 1092, 1097, 1100, 1102, 1106, 1110, 1113, 1115, 1117, 1126, 1129, 1130, 1132, 1133, 1134, 1135, 1141, 1142, 1145, 1146, 1147, 1154, 1155, 1159, 1164, 1165, 1171, 1177, 1178, 1188, 1191, 1197, 1199, 1200, 1201, 1207, 1208, 1212, 1215, 1223, 1225, 1228, 1230, 1231, 1235, 1236, 1237, 1238, 1239, 1242, 1243, 1245, 1249, 1250, 1253, 1256, 1261, 1272, 1273, 1275, 1276, 1281, 1282, 1283, 1285, 1287, 1291]
totalWeight: 2716.0717757059037
cutoff1_index_set: []
cutoff2_index_set: []
process time: 54838.60158920288 ms
greedyFeature= adjWeiRate ,pruning= False :
MWIS: [0, 1, 2, 4, 6, 8, 12, 16, 19, 20, 21, 24, 27, 30, 32, 33, 39, 42, 44, 47, 53, 55, 56, 57, 62, 63, 64, 66, 67, 71, 72, 74, 78, 79, 80, 84, 85, 88, 93, 94, 98, 100, 112, 116, 117, 128, 138, 139, 143, 145, 146, 148, 149, 153, 154, 155, 157, 158, 160, 162, 164, 168, 169, 171, 175, 177, 178, 179, 183, 185, 190, 191, 201, 203, 205, 209, 211, 213, 218, 221, 223, 227, 232, 233, 239, 240, 244, 245, 247, 251, 252, 256, 257, 258, 259, 261, 263, 274, 278, 286, 288, 292, 303, 307, 311, 312, 313, 316, 317, 318, 320, 322, 324, 325, 326, 327, 328, 332, 333, 335, 339, 341, 342, 343, 347, 349, 350, 352, 355, 358, 360, 361, 364, 365, 367, 371, 372, 377, 379, 380, 381, 385, 386, 387, 390, 391, 392, 404, 405, 407, 408, 410, 411, 412, 413, 414, 417, 424, 429, 430, 432, 441, 443, 444, 446, 449, 450, 452, 454, 455, 457, 458, 461, 465, 467, 468, 469, 471, 474, 475, 477, 484, 486, 487, 489, 490, 491, 492, 494, 495, 500, 512, 513, 514, 515, 518, 519, 520, 525, 526, 529, 530, 531, 532, 538, 539, 543, 544, 545, 547, 548, 553, 554, 555, 556, 559, 561, 565, 567, 568, 573, 575, 576, 577, 581, 582, 584, 586, 587, 591, 601, 603, 606, 608, 610, 615, 620, 621, 623, 627, 629, 632, 634, 639, 645, 647, 652, 656, 659, 662, 663, 664, 667, 668, 672, 675, 678, 679, 681, 683, 684, 687, 688, 691, 692, 697, 698, 700, 704, 705, 706, 711, 713, 714, 717, 719, 726, 732, 734, 735, 736, 742, 745, 747, 749, 752, 753, 754, 755, 758, 763, 767, 773, 774, 776, 777, 780, 781, 782, 784, 786, 788, 789, 790, 791, 793, 794, 795, 796, 798, 802, 803, 804, 812, 815, 817, 818, 822, 823, 824, 826, 831, 834, 837, 838, 839, 843, 845, 848, 849, 850, 851, 858, 859, 862, 867, 869, 873, 874, 882, 883, 884, 890, 893, 894, 895, 899, 900, 901, 903, 905, 908, 909, 910, 914, 916, 917, 918, 920, 923, 927, 928, 936, 941, 943, 945, 947, 949, 953, 957, 959, 960, 963, 964, 966, 967, 973, 975, 977, 979, 980, 981, 986, 987, 988, 990, 998, 1001, 1002, 1005, 1007, 1008, 1013, 1018, 1019, 1022, 1027, 1029, 1034, 1036, 1039, 1045, 1046, 1047, 1049, 1054, 1055, 1056, 1057, 1058, 1061, 1062, 1063, 1064, 1066, 1078, 1079, 1082, 1089, 1090, 1092, 1097, 1102, 1106, 1110, 1113, 1115, 1117, 1126, 1129, 1130, 1132, 1133, 1134, 1135, 1141, 1142, 1145, 1146, 1147, 1154, 1155, 1159, 1164, 1165, 1171, 1177, 1178, 1183, 1188, 1191, 1197, 1200, 1207, 1208, 1212, 1215, 1225, 1228, 1230, 1231, 1235, 1236, 1237, 1238, 1239, 1242, 1243, 1245, 1249, 1250, 1253, 1256, 1261, 1273, 1275, 1276, 1281, 1282, 1283, 1285, 1287, 1289, 1291]
totalWeight: 2722.571317723297
cutoff1_index_set: []
cutoff2_index_set: []
process time: 55764.29104804993 ms
greedyFeature= weightPerNumPlusOne ,pruning= True :
MWIS: [0, 1, 2, 4, 6, 8, 12, 16, 19, 20, 21, 24, 27, 30, 32, 33, 39, 42, 44, 47, 52, 53, 55, 56, 57, 62, 63, 64, 66, 67, 71, 72, 74, 79, 80, 84, 85, 93, 94, 98, 100, 112, 115, 116, 117, 128, 138, 139, 143, 145, 146, 148, 149, 153, 154, 155, 157, 158, 160, 162, 164, 168, 169, 171, 175, 177, 178, 179, 183, 185, 190, 191, 201, 203, 205, 209, 211, 213, 218, 220, 221, 223, 227, 232, 233, 239, 240, 244, 245, 247, 251, 252, 255, 256, 257, 258, 259, 261, 263, 270, 274, 278, 282, 286, 288, 292, 299, 303, 307, 311, 312, 313, 316, 317, 318, 320, 322, 324, 326, 327, 328, 332, 333, 335, 339, 341, 342, 343, 347, 349, 350, 351, 352, 355, 358, 360, 361, 364, 365, 367, 371, 372, 376, 377, 379, 380, 381, 385, 386, 387, 390, 391, 392, 404, 405, 407, 408, 410, 411, 412, 413, 414, 417, 424, 429, 430, 432, 441, 443, 444, 446, 449, 450, 452, 454, 455, 457, 458, 461, 465, 467, 468, 469, 471, 473, 474, 475, 476, 477, 484, 486, 487, 489, 490, 491, 492, 494, 495, 500, 509, 512, 513, 514, 515, 518, 519, 520, 525, 526, 529, 530, 531, 538, 539, 543, 544, 547, 548, 553, 554, 555, 556, 559, 561, 565, 568, 573, 575, 576, 577, 581, 582, 584, 586, 587, 594, 598, 601, 603, 606, 608, 615, 617, 620, 621, 623, 627, 629, 632, 634, 645, 647, 652, 656, 662, 663, 664, 667, 668, 672, 675, 678, 679, 681, 683, 684, 687, 688, 691, 692, 697, 698, 700, 704, 705, 706, 711, 713, 714, 717, 719, 722, 723, 726, 732, 733, 734, 735, 736, 738, 741, 742, 745, 749, 752, 753, 754, 755, 758, 763, 767, 776, 777, 780, 781, 782, 784, 786, 788, 789, 790, 791, 793, 794, 795, 796, 798, 802, 803, 804, 812, 815, 817, 818, 823, 824, 826, 831, 834, 837, 838, 839, 843, 845, 848, 849, 850, 851, 858, 859, 862, 867, 868, 869, 873, 874, 880, 882, 883, 884, 885, 890, 893, 894, 895, 899, 900, 901, 905, 908, 909, 910, 914, 916, 917, 918, 920, 921, 923, 927, 928, 936, 938, 941, 943, 945, 947, 949, 953, 957, 959, 960, 963, 964, 966, 967, 973, 975, 977, 979, 980, 986, 987, 988, 990, 997, 998, 1001, 1002, 1005, 1007, 1008, 1013, 1018, 1019, 1022, 1027, 1029, 1034, 1036, 1039, 1045, 1046, 1047, 1049, 1050, 1054, 1055, 1056, 1057, 1058, 1061, 1062, 1063, 1064, 1066, 1078, 1079, 1082, 1089, 1090, 1092, 1097, 1102, 1106, 1110, 1113, 1115, 1117, 1126, 1129, 1130, 1132, 1133, 1134, 1135, 1141, 1142, 1145, 1146, 1147, 1154, 1155, 1159, 1164, 1165, 1171, 1177, 1178, 1183, 1188, 1191, 1197, 1199, 1200, 1201, 1207, 1208, 1212, 1215, 1223, 1225, 1228, 1230, 1231, 1235, 1236, 1237, 1238, 1239, 1242, 1243, 1245, 1249, 1250, 1253, 1256, 1261, 1272, 1273, 1275, 1276, 1281, 1282, 1283, 1285, 1287, 1291]
totalWeight: 2727.1405841085293
cutoff1_index_set: [0, 1, 6, 19, 21, 56, 67, 93, 94, 100, 117, 128, 145, 155, 157, 164, 183, 205, 213, 223, 239, 244, 247, 251, 257, 292, 303, 313, 322, 326, 332, 333, 335, 343, 350, 352, 360, 364, 372, 381, 385, 386, 390, 407, 410, 411, 441, 446, 454, 467, 474, 477, 486, 490, 491, 492, 495, 513, 519, 526, 529, 538, 544, 575, 581, 587, 608, 663, 667, 668, 672, 683, 684, 691, 692, 700, 705, 732, 734, 752, 753, 755, 758, 784, 788, 790, 802, 812, 818, 838, 850, 858, 859, 862, 894, 895, 908, 920, 941, 947, 949, 998, 1001, 1005, 1018, 1019, 1029, 1039, 1055, 1056, 1066, 1097, 1102, 1113, 1117, 1129, 1130, 1132, 1141, 1171, 1177, 1188, 1191, 1197, 1212, 1215, 1231, 1235, 1239, 1242, 1243, 1253, 1291, 2, 30, 55, 57, 62, 66, 74, 154, 177, 218, 256, 316, 320, 324, 339, 358, 361, 387, 392, 408, 500, 586, 606, 627, 645, 656, 698, 735, 780, 786, 837, 882, 905, 918, 957, 963, 975, 1036, 1045, 1089, 1092, 1106, 1164, 1178, 1207, 1230, 1285, 465, 512, 520, 763, 776, 795, 943, 990, 1013, 1165, 1208, 1225, 777, 149, 475, 185, 647, 143, 1237, 823, 817, 539, 307, 494, 834, 584, 1047, 1155, 782, 1273, 824, 443, 678, 1061, 63, 577, 867, 1250, 629, 1079, 98, 72, 169, 259, 781, 815, 598, 681, 662, 424, 1272, 736, 429, 573, 916, 845, 487, 489, 278, 79, 749, 1027, 789, 1261, 327, 355, 848, 959, 561, 220, 299, 1201, 376, 458, 713, 831, 987, 175, 675, 741, 722, 39, 726, 576, 603, 240, 1238, 263, 928, 921, 927, 158, 1283, 1200, 1256, 20, 8, 697, 796, 1110, 964, 826, 1046, 42, 1245, 704, 1183, 274, 417, 733, 4, 288, 367, 967, 1058, 1050, 849, 461, 621, 377, 351, 988, 936, 317, 803, 484, 714, 371, 767, 617, 923, 839, 798, 515, 793, 44, 620, 869, 1078, 469, 652, 1159, 473]
cutoff2_index_set: [47, 53, 201, 139, 232, 909, 191, 986, 227, 547, 555, 1287, 1063, 687, 953, 258, 623, 190, 568, 754, 391, 12, 412, 311, 432, 430, 468, 349, 168, 404, 634, 1249, 146, 455, 328, 632, 1090, 688, 1057, 138, 543, 203, 745, 565]
process time: 17582.01003074646 ms
greedyFeature= adjWeiRate ,pruning= True :
MWIS: [0, 1, 2, 4, 6, 8, 12, 16, 19, 20, 21, 24, 27, 30, 32, 33, 39, 42, 44, 47, 53, 55, 56, 57, 62, 63, 64, 66, 67, 71, 72, 74, 78, 79, 80, 84, 85, 88, 93, 94, 98, 100, 112, 116, 117, 128, 138, 139, 143, 145, 146, 148, 149, 153, 154, 155, 157, 158, 160, 162, 164, 168, 169, 171, 175, 177, 178, 179, 183, 185, 190, 191, 201, 203, 205, 209, 211, 213, 218, 221, 223, 227, 232, 233, 239, 240, 244, 245, 247, 251, 252, 256, 257, 258, 259, 261, 263, 274, 278, 286, 288, 292, 303, 307, 311, 312, 313, 316, 317, 318, 320, 322, 324, 325, 326, 327, 328, 332, 333, 335, 339, 341, 342, 343, 347, 349, 350, 352, 355, 358, 360, 361, 364, 365, 367, 371, 372, 377, 379, 380, 381, 385, 386, 387, 390, 391, 392, 404, 405, 407, 408, 410, 411, 412, 413, 414, 417, 424, 429, 430, 432, 441, 443, 444, 446, 449, 450, 452, 454, 455, 457, 458, 461, 465, 467, 468, 469, 471, 474, 475, 477, 484, 486, 487, 489, 490, 491, 492, 494, 495, 500, 512, 513, 514, 515, 518, 519, 520, 525, 526, 529, 530, 531, 532, 538, 539, 543, 544, 545, 547, 548, 553, 554, 555, 556, 559, 561, 565, 567, 568, 573, 575, 576, 577, 581, 582, 584, 586, 587, 591, 601, 603, 606, 608, 610, 615, 620, 621, 623, 627, 629, 632, 634, 639, 645, 647, 652, 656, 659, 662, 663, 664, 667, 668, 672, 675, 678, 679, 681, 683, 684, 687, 688, 691, 692, 697, 698, 700, 704, 705, 706, 711, 713, 714, 717, 719, 726, 732, 734, 735, 736, 742, 745, 747, 749, 752, 753, 754, 755, 758, 763, 767, 773, 774, 776, 777, 780, 781, 782, 784, 786, 788, 789, 790, 791, 793, 794, 795, 796, 798, 802, 803, 804, 812, 815, 817, 818, 822, 823, 824, 826, 831, 834, 837, 838, 839, 843, 845, 848, 849, 850, 851, 858, 859, 862, 867, 869, 873, 874, 882, 883, 884, 890, 893, 894, 895, 899, 900, 901, 903, 905, 908, 909, 910, 914, 916, 917, 918, 920, 923, 927, 928, 936, 941, 943, 945, 947, 949, 953, 957, 959, 960, 963, 964, 966, 967, 973, 975, 977, 979, 980, 981, 986, 987, 988, 990, 998, 1001, 1002, 1005, 1007, 1008, 1013, 1018, 1019, 1022, 1027, 1029, 1034, 1036, 1039, 1045, 1046, 1047, 1049, 1054, 1055, 1056, 1057, 1058, 1061, 1062, 1063, 1064, 1066, 1078, 1079, 1082, 1089, 1090, 1092, 1097, 1102, 1106, 1110, 1113, 1115, 1117, 1126, 1129, 1130, 1132, 1133, 1134, 1135, 1141, 1142, 1145, 1146, 1147, 1154, 1155, 1159, 1164, 1165, 1171, 1177, 1178, 1183, 1188, 1191, 1197, 1200, 1207, 1208, 1212, 1215, 1225, 1228, 1230, 1231, 1235, 1236, 1237, 1238, 1239, 1242, 1243, 1245, 1249, 1250, 1253, 1256, 1261, 1273, 1275, 1276, 1281, 1282, 1283, 1285, 1287, 1289, 1291]
totalWeight: 2722.571317723297
cutoff1_index_set: [0, 1, 6, 19, 21, 56, 67, 93, 94, 100, 117, 128, 145, 155, 157, 164, 183, 205, 213, 223, 239, 244, 247, 251, 257, 292, 303, 313, 322, 326, 332, 333, 335, 343, 350, 352, 360, 364, 372, 381, 385, 386, 390, 407, 410, 411, 441, 446, 454, 467, 474, 477, 486, 490, 491, 492, 495, 513, 519, 526, 529, 538, 544, 575, 581, 587, 608, 663, 667, 668, 672, 683, 684, 691, 692, 700, 705, 732, 734, 752, 753, 755, 758, 784, 788, 790, 802, 812, 818, 838, 850, 858, 859, 862, 894, 895, 908, 920, 941, 947, 949, 998, 1001, 1005, 1018, 1019, 1029, 1039, 1055, 1056, 1066, 1097, 1102, 1113, 1117, 1129, 1130, 1132, 1141, 1171, 1177, 1188, 1191, 1197, 1212, 1215, 1231, 1235, 1239, 1242, 1243, 1253, 1291, 2, 30, 55, 57, 62, 66, 74, 154, 177, 218, 256, 316, 320, 324, 339, 358, 361, 387, 392, 408, 500, 586, 606, 627, 645, 656, 698, 735, 780, 786, 837, 882, 905, 918, 957, 963, 975, 1036, 1045, 1089, 1092, 1106, 1164, 1178, 1207, 1230, 1285, 465, 512, 520, 763, 776, 795, 943, 990, 1013, 1165, 1208, 1225, 777, 149, 475, 185, 647, 143, 1237, 817, 823, 539, 834, 307, 494, 584, 1047, 577, 1061, 1155, 782, 678, 713, 63, 916, 824, 487, 867, 988, 424, 681, 736, 928, 515, 278, 79, 781, 1058, 629, 1250, 1027, 749, 662, 849, 72, 169, 98, 917, 1261, 355, 1183, 815, 726, 39, 573, 798, 910, 1057, 831, 987, 1238, 959, 967, 1079, 789, 936, 417, 44, 822, 1249, 4, 288, 367, 175, 675, 869, 263, 1110, 42, 767, 1078, 469, 461, 1159, 803, 484, 371, 714, 964, 317, 1245, 704, 312, 745, 927, 158, 1283, 203, 1200, 1256, 1046, 20, 632, 793, 923]
cutoff2_index_set: [47, 53, 201, 139, 232, 33, 547, 555, 561, 458, 986, 227, 432, 430, 429, 953, 258, 1273, 623, 190, 1287, 909, 191, 1063, 687, 32, 845, 468, 349, 1082, 259, 12, 391, 168, 404, 568, 754, 311, 412, 576, 347, 455, 146]
process time: 17582.97562599182 ms

进程已结束，退出代码为 0
