C:\Users\MSIK\anaconda3\python.exe D:/大三上/图数据/pj-reference/exercise_a1_7.py
Testset's name: GD98_c_test.txt
greedyFeature= weightPerNumPlusOne ,pruning= False :
MWIS: [3, 16, 19, 21, 24, 25, 26, 31, 32, 33, 34, 36, 41, 42, 48, 49, 50, 53, 55, 56, 60, 61, 62, 63, 67, 68, 69, 71, 73, 76, 77, 79, 85, 87, 88, 89, 90, 94, 96, 101, 102, 108, 109, 111]
totalWeight: 2961.0
process time: 35.93850135803223 ms
greedyFeature= adjWeiRate ,pruning= False :
MWIS: [2, 5, 11, 15, 16, 19, 20, 22, 23, 24, 26, 27, 30, 31, 32, 42, 43, 49, 52, 55, 56, 58, 61, 62, 67, 68, 69, 70, 71, 73, 75, 76, 77, 83, 87, 91, 92, 97, 101, 106, 107, 108, 111]
totalWeight: 2958.0
process time: 32.909393310546875 ms
greedyFeature= newRate ,pruning= False :
MWIS: [2, 3, 5, 11, 15, 16, 19, 20, 21, 22, 23, 24, 25, 26, 31, 32, 33, 34, 36, 42, 49, 55, 56, 58, 61, 62, 67, 68, 69, 70, 71, 73, 75, 76, 77, 79, 87, 89, 91, 96, 101, 108, 111]
totalWeight: 2983.0
process time: 34.906625747680664 ms
greedyFeature= weightPerNumPlusOne ,pruning= True :
MWIS: [2, 3, 5, 15, 16, 19, 21, 24, 25, 26, 31, 32, 34, 36, 41, 42, 49, 53, 55, 56, 60, 61, 62, 66, 67, 68, 69, 70, 71, 73, 75, 76, 77, 79, 87, 88, 89, 91, 96, 101, 102, 107, 108, 111]
totalWeight: 2999.0
cutoff1_index_set: [32, 67, 108, 87, 34, 3, 19, 62, 21, 101, 16, 56, 41, 53, 60, 26]
cutoff2_index_set: [49, 61, 55, 96, 76, 89, 91, 75, 2, 31, 24, 66, 107]
process time: 31.91542625427246 ms
greedyFeature= adjWeiRate ,pruning= True :
MWIS: [2, 5, 11, 15, 16, 19, 20, 22, 23, 24, 26, 27, 30, 31, 32, 42, 43, 49, 52, 55, 56, 58, 61, 62, 67, 68, 69, 70, 71, 73, 75, 76, 77, 83, 87, 91, 92, 97, 101, 106, 107, 108, 111]
totalWeight: 2958.0
cutoff1_index_set: [32, 67, 58, 56, 26, 19, 62, 91, 75, 2, 22, 23, 43]
cutoff2_index_set: [49, 61, 24, 31, 108, 69]
process time: 40.857791900634766 ms
greedyFeature= newRate ,pruning= True :
MWIS: [2, 3, 5, 15, 16, 19, 21, 24, 25, 26, 31, 32, 34, 36, 41, 42, 49, 53, 55, 56, 58, 60, 61, 62, 66, 67, 68, 69, 70, 71, 73, 75, 76, 77, 79, 87, 88, 89, 91, 96, 101, 107, 108, 111]
totalWeight: 3006.0
cutoff1_index_set: [32, 67, 108, 25, 34, 3, 19, 75, 62, 21, 26, 41, 60, 53]
cutoff2_index_set: [49, 61, 55, 96, 71, 77, 31, 24, 2, 91, 58, 111, 76, 89, 107, 66]
process time: 30.949831008911133 ms

进程已结束，退出代码为 0
